243618.0
321688.0
344855.0
327671.0
308371.0
340616.0
340616.0
334080.0
317409.0
340616.0
334080.0
340616.0
340616.0
340616.0
340616.0
341885.0
340616.0
340616.0
340616.0
340616.0
340616.0
340616.0
340616.0
341885.0
341885.0
340616.0
340616.0
340616.0
340616.0
340616.0
340616.0
340616.0
340616.0
340616.0
340616.0
340616.0
340616.0
340616.0
340616.0
340616.0
340616.0
340616.0
340616.0
340616.0
341885.0
341885.0
340616.0
340616.0
341885.0
340616.0
340616.0
340616.0
340616.0
341885.0
341885.0
340616.0
341885.0
340616.0
340616.0
340616.0
340616.0
340616.0
340616.0
340616.0
340616.0
341885.0
340616.0
340616.0
340616.0
340616.0
340616.0
340616.0
340616.0
340616.0
340616.0
340616.0
340616.0
341885.0
