-25283.0
-25283.0
-25175.0
-25175.0
-42296.0
-42296.0
-16297.0
-16297.0
-24651.0
-24651.0
-17864.0
-17864.0
-18403.0
-18403.0
-8763.5
-8763.5
-6217.0
-6217.0
-15439.0
-15439.0
-14059.0
-14059.0
-27272.0
-27272.0
-6266.5
-6266.5
-13180.0
-13180.0
-15888.0
-15888.0
-6787.0
-6787.0
-6168.5
-6168.5
-18098.0
-18098.0
-6100.0
-6100.0
-4000.0
-4000.0
-4559.0
-4559.0
-4562.0
-4562.0
-7955.0
-7955.0
-4869.0
-4869.0
-12803.0
-12803.0
-3954.0
-3954.0
-6871.0
-6871.0
-6715.0
-6715.0
-10587.0
-10587.0
-18274.0
-18274.0
-4575.5
-4575.5
-13037.0
-13037.0
-15671.0
-15671.0
-14615.5
-14615.5
-6411.0
-6411.0
-14032.5
-14032.5
