-622193.0
-622193.0
-753961.0
-753961.0
-825354.0
-825354.0
-777992.0
-777992.0
-739224.0
-739224.0
-798305.0
-798305.0
-801018.0
-801018.0
-739224.0
-739224.0
-739224.0
-739224.0
-739224.0
-739224.0
-739224.0
-739224.0
-739224.0
-739224.0
-739224.0
-739224.0
-739224.0
-739224.0
-739224.0
-739224.0
-739224.0
-739224.0
-739224.0
-739224.0
-739224.0
-739224.0
-739224.0
-739224.0
-739224.0
-739224.0
-739224.0
-739224.0
-739224.0
-739224.0
-739224.0
-739224.0
-739224.0
-739224.0
-739224.0
-739224.0
-739224.0
-739224.0
-739224.0
-739224.0
-739224.0
-739224.0
-739224.0
-739224.0
-739224.0
-739224.0
-739224.0
-739224.0
-739224.0
-739224.0
-739224.0
-739224.0
-739224.0
-739224.0
-739224.0
-739224.0
-739224.0
-739224.0
-739224.0
-739224.0
-739224.0
-739224.0
-739224.0
-739224.0
-739224.0
-739224.0
-739224.0
-739224.0
-739224.0
-739224.0
-739224.0
-739224.0
-739224.0
-739224.0
-739224.0
-739224.0
-739224.0
-739224.0
-739224.0
-739224.0
-739224.0
-739224.0
-739224.0
-739224.0
-739224.0
-739224.0
-739224.0
-739224.0
-739224.0
-739224.0
-739224.0
-739224.0
-739224.0
-739224.0
-739224.0
-739224.0
-739224.0
-739224.0
-739224.0
-739224.0
-739224.0
-739224.0
-739224.0
-739224.0
