452436.0
432059.0
442154.0
452394.0
426906.0
452394.0
452394.0
452394.0
452394.0
452394.0
452394.0
452394.0
452394.0
452394.0
452394.0
452394.0
452394.0
452394.0
452394.0
452394.0
452394.0
452394.0
452394.0
452394.0
452394.0
452394.0
452394.0
452394.0
452394.0
452394.0
452394.0
452394.0
452394.0
452394.0
452394.0
452394.0
452394.0
452394.0
452394.0
452394.0
452394.0
452394.0
452394.0
452394.0
452394.0
452394.0
452394.0
452394.0
452394.0
452394.0
452394.0
452394.0
452394.0
452394.0
452394.0
452394.0
452394.0
452394.0
452394.0
452394.0
452394.0
452394.0
452394.0
