83.78444444444445
80.01092592592593
81.88037037037037
83.77666666666667
79.05666666666667
83.77666666666667
83.77666666666667
83.77666666666667
83.77666666666667
83.77666666666667
83.77666666666667
83.77666666666667
83.77666666666667
83.77666666666667
83.77666666666667
83.77666666666667
83.77666666666667
83.77666666666667
83.77666666666667
83.77666666666667
83.77666666666667
83.77666666666667
83.77666666666667
83.77666666666667
83.77666666666667
83.77666666666667
83.77666666666667
83.77666666666667
83.77666666666667
83.77666666666667
83.77666666666667
83.77666666666667
83.77666666666667
83.77666666666667
83.77666666666667
83.77666666666667
83.77666666666667
83.77666666666667
83.77666666666667
83.77666666666667
83.77666666666667
83.77666666666667
83.77666666666667
83.77666666666667
83.77666666666667
83.77666666666667
83.77666666666667
83.77666666666667
83.77666666666667
83.77666666666667
83.77666666666667
83.77666666666667
83.77666666666667
83.77666666666667
83.77666666666667
83.77666666666667
83.77666666666667
83.77666666666667
83.77666666666667
83.77666666666667
83.77666666666667
83.77666666666667
83.77666666666667
