9.329629629629629
9.329629629629629
9.17851851851852
9.17851851851852
15.041666666666666
15.041666666666666
7.318518518518519
7.318518518518519
9.945555555555556
9.945555555555556
6.954444444444444
6.954444444444444
8.037962962962963
8.037962962962963
6.92462962962963
6.92462962962963
5.29425925925926
5.29425925925926
5.991851851851852
5.991851851851852
5.894814814814815
5.894814814814815
25.24851851851852
25.24851851851852
6.345555555555555
6.345555555555555
5.937222222222222
5.937222222222222
12.077037037037037
12.077037037037037
5.853888888888889
5.853888888888889
5.758518518518518
5.758518518518518
13.083148148148148
13.083148148148148
5.82962962962963
5.82962962962963
4.642037037037037
4.642037037037037
5.482962962962963
5.482962962962963
4.767592592592592
4.767592592592592
4.448333333333333
4.448333333333333
4.628703703703704
4.628703703703704
5.127222222222223
5.127222222222223
3.9672222222222224
3.9672222222222224
4.145925925925926
4.145925925925926
14.610555555555555
14.610555555555555
4.92425925925926
4.92425925925926
16.35851851851852
16.35851851851852
4.823518518518519
4.823518518518519
10.745925925925926
10.745925925925926
7.072037037037037
7.072037037037037
20.157592592592593
20.157592592592593
6.224259259259259
6.224259259259259
13.831296296296296
13.831296296296296
