-17014545.0
-17014545.0
-15945987.0
-15945987.0
-16479436.0
-16479436.0
-16997715.0
-16997715.0
-15605751.0
-15605751.0
-16997715.0
-16997715.0
-16997715.0
-16997715.0
-16997715.0
-16997715.0
-16997715.0
-16997715.0
-16997715.0
-16997715.0
-16997715.0
-16997715.0
-16997715.0
-16997715.0
-16997715.0
-16997715.0
-16997715.0
-16997715.0
-16997715.0
-16997715.0
-16997715.0
-16997715.0
-16997715.0
-16997715.0
-16997715.0
-16997715.0
-16997715.0
-16997715.0
-16997715.0
-16997715.0
-16997715.0
-16997715.0
-16997715.0
-16997715.0
-16997715.0
-16997715.0
-16997715.0
-16997715.0
-16997715.0
-16997715.0
-16997715.0
-16997715.0
-16997715.0
-16997715.0
-16997715.0
-16997715.0
-16997715.0
-16997715.0
-16997715.0
-16997715.0
-16997715.0
-16997715.0
-16997715.0
-16997715.0
-16997715.0
-16997715.0
-16997715.0
-16997715.0
-16997715.0
-16997715.0
-16997715.0
-16997715.0
-16997715.0
-16997715.0
-16997715.0
-16997715.0
-16997715.0
-16997715.0
-16997715.0
-16997715.0
-16997715.0
-16997715.0
-16997715.0
-16997715.0
-16997715.0
-16997715.0
-16997715.0
-16997715.0
-16997715.0
-16997715.0
-16997715.0
-16997715.0
-16997715.0
-16997715.0
-16997715.0
-16997715.0
-16997715.0
-16997715.0
-16997715.0
-16997715.0
-16997715.0
-16997715.0
-16997715.0
-16997715.0
-16997715.0
-16997715.0
-16997715.0
-16997715.0
-16997715.0
-16997715.0
-16997715.0
-16997715.0
-16997715.0
-16997715.0
-16997715.0
-16997715.0
-16997715.0
-16997715.0
-16997715.0
-16997715.0
-16997715.0
-16997715.0
-16997715.0
-16997715.0
-16997715.0
-16997715.0
