13.740185185185185
13.454444444444444
11.175185185185185
11.000925925925927
13.486296296296297
13.646851851851851
13.796851851851851
13.486296296296297
13.486296296296297
13.486296296296297
13.486296296296297
13.486296296296297
13.486296296296297
13.486296296296297
13.486296296296297
13.486296296296297
13.486296296296297
13.486296296296297
13.486296296296297
13.486296296296297
13.486296296296297
13.486296296296297
13.486296296296297
13.486296296296297
13.486296296296297
13.486296296296297
13.486296296296297
13.486296296296297
13.486296296296297
13.486296296296297
13.486296296296297
13.486296296296297
13.486296296296297
13.486296296296297
13.486296296296297
13.486296296296297
13.486296296296297
13.486296296296297
13.486296296296297
13.486296296296297
13.486296296296297
13.486296296296297
13.486296296296297
13.486296296296297
13.486296296296297
13.486296296296297
13.486296296296297
13.486296296296297
13.486296296296297
13.486296296296297
13.486296296296297
13.486296296296297
13.486296296296297
13.486296296296297
13.486296296296297
13.486296296296297
13.486296296296297
13.486296296296297
13.486296296296297
