-17014545.0
-4964168.0
-7144490.0
-15945987.0
-16479436.0
-7748526.0
-7183892.0
-16997715.0
-15605751.0
-6913836.0
-7434801.0
-7434801.0
-7574371.0
-622193.0
-753961.0
-7180943.0
-825354.0
-7434801.0
-777992.0
-7574371.0
-7434801.0
-7434801.0
-16997715.0
-16997715.0
-739224.0
-798305.0
-7434801.0
-7434801.0
-801018.0
-7451934.0
-16997715.0
-16997715.0
-7434801.0
-7434801.0
-7434801.0
-7434801.0
-16997715.0
-7434801.0
-739224.0
-16997715.0
-7434801.0
-739224.0
-739224.0
-7434801.0
-7451934.0
-7451934.0
-739224.0
-16997715.0
-739224.0
-739224.0
-16997715.0
-7434801.0
-7434801.0
-7434801.0
-7434801.0
-16997715.0
-7434801.0
-739224.0
-739224.0
-739224.0
-7434801.0
-739224.0
-7434801.0
-16997715.0
-739224.0
-16997715.0
-7434801.0
-16997715.0
-7434801.0
-7434801.0
-16997715.0
-739224.0
-16997715.0
-16997715.0
-739224.0
-16997715.0
-16997715.0
-7434801.0
-16997715.0
-7434801.0
-739224.0
-7434801.0
-7434801.0
-7434801.0
-7434801.0
-739224.0
-7434801.0
-739224.0
-739224.0
-16997715.0
-16997715.0
-7434801.0
-16997715.0
-16997715.0
-16997715.0
-16997715.0
-739224.0
-16997715.0
-16997715.0
-739224.0
-16997715.0
-739224.0
-16997715.0
-7434801.0
-7451934.0
-739224.0
-7451934.0
-7434801.0
-7434801.0
-16997715.0
-7451934.0
-7434801.0
-7434801.0
-739224.0
-739224.0
-7434801.0
-16997715.0
-739224.0
-7434801.0
-7451934.0
-7451934.0
-739224.0
-16997715.0
-7434801.0
-739224.0
-16997715.0
-16997715.0
-7451934.0
-16997715.0
-739224.0
-739224.0
-16997715.0
-7434801.0
-16997715.0
-7434801.0
-16997715.0
-7434801.0
-16997715.0
-7434801.0
-7434801.0
-739224.0
-16997715.0
-739224.0
-739224.0
-739224.0
-16997715.0
-7434801.0
-739224.0
-739224.0
-16997715.0
-16997715.0
-739224.0
-739224.0
-16997715.0
-739224.0
-16997715.0
-7434801.0
-7434801.0
-7451934.0
-16997715.0
-739224.0
-739224.0
-739224.0
-739224.0
-7434801.0
-7434801.0
-7434801.0
-7434801.0
-739224.0
-16997715.0
-7434801.0
-739224.0
-16997715.0
-7434801.0
-7434801.0
-739224.0
-7434801.0
-7434801.0
-739224.0
-16997715.0
-739224.0
-7434801.0
-16997715.0
-739224.0
-16997715.0
-16997715.0
-16997715.0
-16997715.0
-16997715.0
-7434801.0
-739224.0
-739224.0
-739224.0
-739224.0
-739224.0
-16997715.0
-16997715.0
-16997715.0
-16997715.0
-7451934.0
