56.81407407407407
56.81407407407407
54.52981481481481
54.52981481481481
55.42333333333333
55.42333333333333
57.315925925925924
57.315925925925924
64.01759259259259
64.01759259259259
56.037962962962965
56.037962962962965
54.99777777777778
54.99777777777778
55.412962962962965
55.412962962962965
60.891666666666666
60.891666666666666
57.45055555555555
57.45055555555555
59.904074074074074
59.904074074074074
58.620555555555555
58.620555555555555
59.87685185185185
59.87685185185185
70.43722222222222
70.43722222222222
89.49111111111111
89.49111111111111
72.2974074074074
72.2974074074074
