2.2694444444444444
2.2694444444444444
2.235925925925926
2.235925925925926
2.171666666666667
2.171666666666667
16.784259259259258
16.784259259259258
29.442962962962962
29.442962962962962
36.36925925925926
36.36925925925926
3.576111111111111
3.576111111111111
13.108333333333333
13.108333333333333
2.2357407407407406
2.2357407407407406
2.767037037037037
2.767037037037037
3.733888888888889
3.733888888888889
11.81962962962963
11.81962962962963
5.3438888888888885
5.3438888888888885
2.2183333333333333
2.2183333333333333
2.339814814814815
2.339814814814815
37.96981481481482
37.96981481481482
5.858518518518519
5.858518518518519
3.937222222222222
3.937222222222222
7.653888888888889
7.653888888888889
32.02462962962963
32.02462962962963
21.120555555555555
21.120555555555555
85.36796296296296
85.36796296296296
