3.962222222222222
3.962222222222222
2.2868518518518517
2.2868518518518517
84.92314814814814
84.92314814814814
22.65111111111111
22.65111111111111
3.396851851851852
3.396851851851852
60.04518518518518
60.04518518518518
1.695
1.695
31.020555555555557
31.020555555555557
2.3672222222222223
2.3672222222222223
1.8968518518518518
1.8968518518518518
39.51111111111111
39.51111111111111
3.2883333333333336
3.2883333333333336
37.64703703703704
37.64703703703704
3.6933333333333334
3.6933333333333334
3.887962962962963
3.887962962962963
5.016481481481481
5.016481481481481
7.534074074074074
7.534074074074074
6.843333333333334
6.843333333333334
197.60222222222222
197.60222222222222
30.122777777777777
30.122777777777777
