1.6075925925925927
1.6075925925925927
2.105185185185185
2.105185185185185
6.2283333333333335
6.2283333333333335
2.4874074074074075
2.4874074074074075
4.774629629629629
4.774629629629629
4.400925925925926
4.400925925925926
3.605185185185185
3.605185185185185
8.793148148148148
8.793148148148148
8.029259259259259
8.029259259259259
6.878333333333333
6.878333333333333
14.237407407407407
14.237407407407407
5.978518518518518
5.978518518518518
5.355740740740741
5.355740740740741
6.043148148148148
6.043148148148148
5.83425925925926
5.83425925925926
11.560185185185185
11.560185185185185
