60.16759259259259
60.16759259259259
56.083888888888886
56.083888888888886
55.458333333333336
55.458333333333336
55.590555555555554
55.590555555555554
56.85962962962963
56.85962962962963
57.34148148148148
57.34148148148148
57.76814814814815
57.76814814814815
59.75092592592593
59.75092592592593
62.818888888888885
62.818888888888885
58.38444444444445
58.38444444444445
55.05203703703704
55.05203703703704
56.94259259259259
56.94259259259259
62.27240740740741
62.27240740740741
74.42203703703704
74.42203703703704
