2.0237037037037036
2.0237037037037036
1.9866666666666666
1.9866666666666666
1.805
1.805
1.382037037037037
1.382037037037037
1.4585185185185185
1.4585185185185185
1.3151851851851852
1.3151851851851852
1.2942592592592592
1.2942592592592592
1.2638888888888888
1.2638888888888888
1.2174074074074075
1.2174074074074075
1.2146296296296297
1.2146296296296297
1.0081481481481482
1.0081481481481482
1.0057407407407408
1.0057407407407408
1.1122222222222222
1.1122222222222222
0.9564814814814815
0.9564814814814815
1.0475925925925926
1.0475925925925926
0.827037037037037
0.827037037037037
0.9922222222222222
0.9922222222222222
0.9661111111111111
0.9661111111111111
1.281111111111111
1.281111111111111
