2.205
2.205
3.1364814814814816
3.1364814814814816
2.5055555555555555
2.5055555555555555
1.4687037037037036
1.4687037037037036
1.854814814814815
1.854814814814815
1.6627777777777777
1.6627777777777777
1.7777777777777777
1.7777777777777777
2.223888888888889
2.223888888888889
1.752962962962963
1.752962962962963
1.358148148148148
1.358148148148148
1.3066666666666666
1.3066666666666666
1.1024074074074075
1.1024074074074075
1.0666666666666667
1.0666666666666667
0.9481481481481482
0.9481481481481482
0.8118518518518518
0.8118518518518518
1.0964814814814814
1.0964814814814814
0.7738888888888888
0.7738888888888888
