2.223888888888889
2.223888888888889
1.8812962962962962
1.8812962962962962
1.8129629629629629
1.8129629629629629
1.6394444444444445
1.6394444444444445
1.6388888888888888
1.6388888888888888
1.6511111111111112
1.6511111111111112
1.5722222222222222
1.5722222222222222
1.3953703703703704
1.3953703703703704
1.4692592592592593
1.4692592592592593
1.288888888888889
1.288888888888889
1.0820370370370371
1.0820370370370371
0.9653703703703703
0.9653703703703703
1.1218518518518519
1.1218518518518519
1.1594444444444445
1.1594444444444445
1.2625925925925925
1.2625925925925925
1.3322222222222222
1.3322222222222222
