1.6825925925925926
1.6825925925925926
1.5712962962962962
1.5712962962962962
1.5909259259259259
1.5909259259259259
1.1033333333333333
1.1033333333333333
1.3609259259259259
1.3609259259259259
0.9744444444444444
0.9744444444444444
1.404074074074074
1.404074074074074
1.6233333333333333
1.6233333333333333
0.9083333333333333
0.9083333333333333
1.8796296296296295
1.8796296296296295
0.8083333333333333
0.8083333333333333
1.2051851851851851
1.2051851851851851
1.1333333333333333
1.1333333333333333
0.9898148148148148
0.9898148148148148
