2.069074074074074
2.069074074074074
2.1592592592592594
2.1592592592592594
1.800185185185185
1.800185185185185
1.8927777777777777
1.8927777777777777
2.0122222222222224
2.0122222222222224
2.071111111111111
2.071111111111111
1.7583333333333333
1.7583333333333333
1.9892592592592593
1.9892592592592593
1.7483333333333333
1.7483333333333333
1.3025925925925925
1.3025925925925925
1.1175925925925927
1.1175925925925927
1.3501851851851852
1.3501851851851852
1.3755555555555556
1.3755555555555556
1.2451851851851852
1.2451851851851852
1.0548148148148149
1.0548148148148149
1.1777777777777778
1.1777777777777778
1.6242592592592593
1.6242592592592593
1.1453703703703704
1.1453703703703704
1.1583333333333334
1.1583333333333334
1.0512962962962964
1.0512962962962964
