73.7287037037037
46.2287037037037
31.00611111111111
70.33944444444444
63.45203703703704
66.00759259259259
68.55277777777778
65.10907407407407
57.757592592592594
59.29814814814815
61.79851851851852
77.26277777777777
57.782407407407405
57.72592592592593
56.967592592592595
54.48648148148148
62.577222222222225
66.80962962962963
52.942962962962966
60.13407407407407
65.99555555555555
82.83222222222223
77.26351851851852
82.84203703703703
71.18111111111111
64.34148148148148
62.67296296296296
82.82851851851852
72.89648148148149
65.10740740740741
60.2162962962963
66.85166666666667
51.64981481481482
55.46018518518518
64.2761111111111
62.617592592592594
61.89333333333333
73.70537037037037
57.06925925925926
75.53425925925926
66.84185185185186
75.52703703703703
77.31018518518519
66.13888888888889
65.9787037037037
17.65277777777778
82.84
82.83703703703704
82.82592592592593
77.2587037037037
72.86518518518518
77.35592592592593
82.83944444444444
77.29611111111112
82.83333333333333
70.2674074074074
75.53518518518518
72.01166666666667
77.30407407407408
