-4302.0
-4749.0
-6056.0
-4829.0
-4363.0
-4392.0
-3959.0
-3723.0
-4236.0
-4482.0
-3573.0
-3705.0
-3836.0
-3593.0
-3443.0
-4019.0
-4547.0
-3834.0
-4406.0
-3016.0
-3512.0
-3183.0
-3661.0
-2812.0
-2952.0
-2743.0
-2633.0
-3033.0
-2590.0
-3056.0
-2416.0
-2283.0
-2879.0
-2899.0
-2267.0
-1722.0
-2277.0
-2026.0
-2027.0
-2400.0
-2504.0
-2203.0
-1736.0
-1828.0
-1572.0
-2211.0
-1744.0
-2054.0
-1805.0
-2149.0
-1653.0
-1238.0
-1497.0
-1309.0
-1489.0
-1649.0
-1081.0
-1357.0
-1639.0
-1294.0
-1093.0
-1278.0
-1245.0
-1326.0
-1097.0
-1004.0
-1158.0
-1057.0
-920.0
-879.0
-1050.0
-854.0
-958.0
-902.0
-1133.0
-929.0
-864.0
-832.0
-943.0
-775.0
-758.0
-534.0
-773.0
-733.0
-716.0
-583.0
-735.0
-559.0
-473.0
-487.0
-551.0
-523.0
-397.0
-591.0
-398.0
-508.0
-545.0
-573.0
-459.0
-343.0
