1.0666666666666667
1.1485185185185185
1.4462962962962962
1.1324074074074073
1.0307407407407407
1.074814814814815
1.0075925925925926
0.9572222222222222
1.0916666666666666
1.094074074074074
0.9035185185185185
0.9442592592592592
0.9688888888888889
0.9075925925925926
0.8933333333333333
1.000925925925926
1.104814814814815
0.957037037037037
1.097037037037037
0.8098148148148148
0.9005555555555556
0.8401851851851851
0.9503703703703704
0.7498148148148148
0.7833333333333333
0.7575925925925926
0.732037037037037
0.8014814814814815
0.7107407407407408
0.7964814814814815
0.6642592592592592
0.6637037037037037
0.7722222222222223
0.8025925925925926
0.667037037037037
0.49925925925925924
0.6751851851851852
0.5677777777777778
0.6107407407407407
0.7074074074074074
0.7111111111111111
0.595925925925926
0.5475925925925926
0.5303703703703704
0.49074074074074076
0.6359259259259259
0.5138888888888888
0.582962962962963
0.5674074074074074
0.6222222222222222
0.5062962962962962
0.40685185185185185
0.4540740740740741
0.42444444444444446
0.4646296296296296
0.5040740740740741
0.3862962962962963
0.44907407407407407
0.5062962962962962
0.4411111111111111
0.35
0.4159259259259259
0.3825925925925926
0.4362962962962963
0.34925925925925927
0.3362962962962963
0.3662962962962963
0.3592592592592593
0.31166666666666665
0.3251851851851852
0.35444444444444445
0.29444444444444445
0.33574074074074073
0.33685185185185185
0.3559259259259259
0.31962962962962965
0.3112962962962963
0.2785185185185185
0.31037037037037035
0.28074074074074074
0.27870370370370373
0.2212962962962963
0.2690740740740741
0.2675925925925926
0.27
0.24203703703703705
0.26481481481481484
0.22537037037037036
0.19166666666666668
0.2001851851851852
0.22074074074074074
0.2111111111111111
0.16240740740740742
0.25685185185185183
0.18611111111111112
0.22111111111111112
0.2190740740740741
0.23166666666666666
0.185
0.15296296296296297
