1.9761111111111112
1.9761111111111112
2.865
2.865
1.8394444444444444
1.8394444444444444
2.1312962962962962
2.1312962962962962
1.6594444444444445
1.6594444444444445
1.568888888888889
1.568888888888889
1.6355555555555557
1.6355555555555557
3.0933333333333333
3.0933333333333333
1.7053703703703704
1.7053703703703704
2.7333333333333334
2.7333333333333334
3.528703703703704
3.528703703703704
23.358888888888888
23.358888888888888
3.542962962962963
3.542962962962963
2.4953703703703702
2.4953703703703702
2.45
2.45
16.287407407407407
16.287407407407407
8.471851851851852
8.471851851851852
2.3833333333333333
2.3833333333333333
