59.16148148148148
59.16148148148148
56.45648148148148
56.45648148148148
57.45
57.45
54.575185185185184
54.575185185185184
55.424814814814816
55.424814814814816
57.43
57.43
57.73740740740741
57.73740740740741
56.07592592592592
56.07592592592592
56.39907407407407
56.39907407407407
55.69074074074074
55.69074074074074
57.36555555555555
57.36555555555555
56.37462962962963
56.37462962962963
57.31462962962963
57.31462962962963
59.812407407407406
59.812407407407406
60.807037037037034
60.807037037037034
