2.2848148148148146
2.2848148148148146
2.013148148148148
2.013148148148148
87.54240740740741
87.54240740740741
1.6944444444444444
1.6944444444444444
71.84518518518519
71.84518518518519
147.1977777777778
147.1977777777778
8.93537037037037
8.93537037037037
6.861111111111111
6.861111111111111
3.4535185185185187
3.4535185185185187
71.66296296296296
71.66296296296296
10.988888888888889
10.988888888888889
2.4698148148148147
2.4698148148148147
3.6233333333333335
3.6233333333333335
4.340925925925926
4.340925925925926
39.90537037037037
39.90537037037037
6.6829629629629625
6.6829629629629625
14.140185185185185
14.140185185185185
