3955634.0
3955634.0
9037898.0
9037898.0
13151715.0
13151715.0
16927734.0
16927734.0
20535037.0
20535037.0
23937146.0
23937146.0
27909042.0
27909042.0
31052722.0
31052722.0
34048267.0
34048267.0
37622332.0
37622332.0
40095214.0
40095214.0
42336710.0
42336710.0
44911318.0
44911318.0
47425006.0
47425006.0
49867329.0
49867329.0
51983702.0
51983702.0
53700777.0
53700777.0
56037575.0
56037575.0
57859674.0
57859674.0
59808064.0
59808064.0
62062934.0
62062934.0
63915327.0
63915327.0
65638302.0
65638302.0
67225157.0
67225157.0
69079248.0
69079248.0
70604025.0
70604025.0
72085817.0
72085817.0
73676005.0
73676005.0
76035681.0
76035681.0
92451104.0
92451104.0
