4.856111111111111
4.856111111111111
9.313888888888888
9.313888888888888
13.351481481481482
13.351481481481482
16.84037037037037
16.84037037037037
23.176111111111112
23.176111111111112
27.439814814814813
27.439814814814813
31.287037037037038
31.287037037037038
35.48518518518519
35.48518518518519
39.1312962962963
39.1312962962963
44.32425925925926
44.32425925925926
64.43944444444445
64.43944444444445
72.65648148148148
72.65648148148148
79.08555555555556
79.08555555555556
84.16388888888889
84.16388888888889
89.78370370370371
89.78370370370371
96.95407407407407
96.95407407407407
102.45462962962964
102.45462962962964
114.69425925925925
114.69425925925925
120.84777777777778
120.84777777777778
125.99814814814815
125.99814814814815
131.64
131.64
138.20907407407407
138.20907407407407
144.81277777777777
144.81277777777777
153.02592592592592
153.02592592592592
172.76222222222222
172.76222222222222
179.85148148148147
179.85148148148147
186.44685185185185
186.44685185185185
205.15259259259258
205.15259259259258
239.24462962962963
239.24462962962963
251.24166666666667
251.24166666666667
288.3237037037037
288.3237037037037
308.3868518518519
308.3868518518519
327.65777777777777
327.65777777777777
367.33814814814815
367.33814814814815
442.08685185185186
442.08685185185186
479.11703703703705
479.11703703703705
522.2768518518518
522.2768518518518
