-8.025999999999996
-8.025999999999996
-9.346000000000016
-9.346000000000016
-6.783999999999995
-6.783999999999995
-7.335999999999995
-7.335999999999995
-11.045000000000023
-11.045000000000023
-8.078999999999994
-8.078999999999994
-6.6079999999999925
-6.6079999999999925
-8.121999999999993
-8.121999999999993
-6.035999999999998
-6.035999999999998
-10.345000000000027
-10.345000000000027
-4.865999999999994
-4.865999999999994
-13.345000000000022
-13.345000000000022
-8.101999999999997
-8.101999999999997
-10.067000000000014
-10.067000000000014
-4.173999999999994
-4.173999999999994
-5.693999999999996
-5.693999999999996
-10.898000000000012
-10.898000000000012
-24.921000000000014
-24.921000000000014
-13.49000000000001
-13.49000000000001
-5.082999999999996
-5.082999999999996
-8.718000000000007
-8.718000000000007
-4.902999999999996
-4.902999999999996
-4.406999999999998
-4.406999999999998
-2.711999999999998
-2.711999999999998
-4.283999999999996
-4.283999999999996
-5.999999999999997
-5.999999999999997
-5.054999999999996
-5.054999999999996
-30.322999999999997
-30.322999999999997
-68.66399999999992
-68.66399999999992
-5.025999999999994
-5.025999999999994
-56.021
-56.021
-9.742000000000008
-9.742000000000008
-13.913000000000013
-13.913000000000013
-22.325000000000035
-22.325000000000035
-21.865000000000034
-21.865000000000034
-22.062000000000033
-22.062000000000033
-18.561000000000025
-18.561000000000025
