15.085185185185185
15.085185185185185
30.10962962962963
30.10962962962963
47.21685185185185
47.21685185185185
63.04240740740741
63.04240740740741
77.50944444444444
77.50944444444444
91.22833333333334
91.22833333333334
110.90574074074074
110.90574074074074
127.36092592592593
127.36092592592593
140.2938888888889
140.2938888888889
158.94574074074075
158.94574074074075
175.5735185185185
175.5735185185185
191.79481481481483
191.79481481481483
199.88111111111112
199.88111111111112
208.4477777777778
208.4477777777778
228.45166666666665
228.45166666666665
252.60685185185184
252.60685185185184
275.3137037037037
275.3137037037037
299.51685185185187
299.51685185185187
312.58314814814815
312.58314814814815
342.5385185185185
342.5385185185185
359.29462962962964
359.29462962962964
392.2651851851852
392.2651851851852
410.6538888888889
410.6538888888889
428.1374074074074
428.1374074074074
447.04203703703706
447.04203703703706
466.6598148148148
466.6598148148148
486.91962962962964
486.91962962962964
524.3653703703703
524.3653703703703
563.5068518518518
563.5068518518518
602.0651851851852
602.0651851851852
643.4261111111111
643.4261111111111
666.1346296296297
666.1346296296297
708.710925925926
708.710925925926
