-73.27533333333285
-73.27533333333285
-51.706333333333404
-51.706333333333404
-58.186000000000064
-58.186000000000064
-63.55866666666685
-63.55866666666685
-48.16066666666673
-48.16066666666673
-59.40233333333338
-59.40233333333338
-73.22700000000002
-73.22700000000002
-59.6586666666667
-59.6586666666667
-64.06666666666672
-64.06666666666672
-59.118
-59.118
-60.71299999999997
-60.71299999999997
-51.536333333333296
-51.536333333333296
-41.665666666666695
-41.665666666666695
-48.81533333333336
-48.81533333333336
-65.78600000000004
-65.78600000000004
-66.8253333333333
-66.8253333333333
-51.40066666666662
-51.40066666666662
-69.06699999999998
-69.06699999999998
-61.070666666666654
-61.070666666666654
-66.15633333333331
-66.15633333333331
-98.26666666666658
-98.26666666666658
-49.12999999999997
-49.12999999999997
-119.87899999999966
-119.87899999999966
-116.88733333333334
-116.88733333333334
-115.56799999999986
-115.56799999999986
-116.01233333333315
-116.01233333333315
-109.51533333333305
-109.51533333333305
-42.868000000000016
-42.868000000000016
-36.79799999999999
-36.79799999999999
-43.31599999999999
-43.31599999999999
-30.566333333333322
-30.566333333333322
-106.93766666666636
-106.93766666666636
-29.499666666666666
-29.499666666666666
