-90.74000000000007
-73.27533333333285
-51.706333333333404
-101.06850000000004
-87.59075000000009
-58.186000000000064
-8.025999999999996
-9.346000000000016
-83.05050000000003
-93.18400000000003
-63.55866666666685
-83.24550000000005
-48.16066666666673
-59.40233333333338
-87.28200000000004
-6.783999999999995
-7.335999999999995
-11.045000000000023
-8.078999999999994
-70.83050000000001
-6.6079999999999925
-73.22700000000002
-8.121999999999993
-59.6586666666667
-64.06666666666672
-82.32575000000007
-6.035999999999998
-10.345000000000027
-4.865999999999994
-81.10700000000006
-78.81250000000003
-59.118
-13.345000000000022
-8.101999999999997
-60.71299999999997
-10.067000000000014
-4.173999999999994
-5.693999999999996
-51.536333333333296
-70.71025000000012
-67.45375000000006
-69.79700000000012
-41.665666666666695
-48.81533333333336
-73.73925000000008
-65.78600000000004
-10.898000000000012
-66.8253333333333
-24.921000000000014
-51.40066666666662
-13.49000000000001
-61.265749999999976
-5.082999999999996
-53.306499999999986
-50.355500000000006
-46.80649999999997
-69.06699999999998
-61.070666666666654
-8.718000000000007
-4.902999999999996
-4.406999999999998
-50.18325000000004
-60.25500000000002
-52.34775000000001
-2.711999999999998
-4.283999999999996
-5.999999999999997
-5.054999999999996
-46.062250000000034
-66.15633333333331
-51.70100000000002
-41.73975000000002
-44.967000000000034
-98.26666666666658
-30.322999999999997
-49.12999999999997
-119.87899999999966
-116.88733333333334
-115.56799999999986
-116.01233333333315
-109.51533333333305
-68.66399999999992
-5.025999999999994
-39.175500000000014
-42.868000000000016
-56.021
-9.742000000000008
-36.79799999999999
-23.919999999999995
-13.913000000000013
-43.31599999999999
-47.762000000000036
-22.325000000000035
-30.566333333333322
-106.93766666666636
-102.31324999999995
-21.865000000000034
-22.062000000000033
-18.561000000000025
-29.499666666666666
