7059570.0
7059570.0
12506866.0
12506866.0
19709682.0
19709682.0
26327271.0
26327271.0
31824439.0
31824439.0
36896287.0
36896287.0
50806032.0
50806032.0
58854245.0
58854245.0
63259915.0
63259915.0
74283567.0
74283567.0
82913563.0
82913563.0
90122997.0
90122997.0
92914381.0
92914381.0
95915008.0
95915008.0
107591669.0
107591669.0
127668971.0
127668971.0
139862261.0
139862261.0
162533797.0
162533797.0
169203463.0
169203463.0
194762788.0
194762788.0
210309510.0
210309510.0
232077735.0
232077735.0
256061092.0
256061092.0
272526803.0
272526803.0
292794895.0
292794895.0
312118849.0
312118849.0
330345240.0
330345240.0
360651876.0
360651876.0
396313161.0
396313161.0
433925697.0
433925697.0
479319487.0
479319487.0
520763877.0
520763877.0
577832098.0
577832098.0
