10.527777777777779
10.527777777777779
23.441666666666666
23.441666666666666
34.809444444444445
34.809444444444445
45.17296296296296
45.17296296296296
55.82018518518519
55.82018518518519
65.92388888888888
65.92388888888888
76.63333333333334
76.63333333333334
86.46796296296296
86.46796296296296
95.82277777777777
95.82277777777777
105.96685185185186
105.96685185185186
114.4737037037037
114.4737037037037
122.655
122.655
131.32481481481483
131.32481481481483
139.85462962962964
139.85462962962964
148.2374074074074
148.2374074074074
155.79944444444445
155.79944444444445
162.66425925925927
162.66425925925927
170.56740740740742
170.56740740740742
177.30962962962963
177.30962962962963
184.46425925925925
184.46425925925925
192.27574074074073
192.27574074074073
199.70981481481482
199.70981481481482
206.4512962962963
206.4512962962963
213.14703703703702
213.14703703703702
220.29314814814813
220.29314814814813
226.7072222222222
226.7072222222222
233.10722222222222
233.10722222222222
239.1901851851852
239.1901851851852
246.25055555555556
246.25055555555556
262.72555555555556
262.72555555555556
