-90.74000000000007
-90.74000000000007
-101.06850000000004
-101.06850000000004
-87.59075000000009
-87.59075000000009
-83.05050000000003
-83.05050000000003
-93.18400000000003
-93.18400000000003
-83.24550000000005
-83.24550000000005
-87.28200000000004
-87.28200000000004
-70.83050000000001
-70.83050000000001
-82.32575000000007
-82.32575000000007
-81.10700000000006
-81.10700000000006
-78.81250000000003
-78.81250000000003
-70.71025000000012
-70.71025000000012
-67.45375000000006
-67.45375000000006
-69.79700000000012
-69.79700000000012
-73.73925000000008
-73.73925000000008
-61.265749999999976
-61.265749999999976
-53.306499999999986
-53.306499999999986
-50.355500000000006
-50.355500000000006
-46.80649999999997
-46.80649999999997
-50.18325000000004
-50.18325000000004
-60.25500000000002
-60.25500000000002
-52.34775000000001
-52.34775000000001
-46.062250000000034
-46.062250000000034
-51.70100000000002
-51.70100000000002
-41.73975000000002
-41.73975000000002
-44.967000000000034
-44.967000000000034
-39.175500000000014
-39.175500000000014
-23.919999999999995
-23.919999999999995
-47.762000000000036
-47.762000000000036
-102.31324999999995
-102.31324999999995
