3825104.0
3825104.0
6981411.0
6981411.0
10471803.0
10471803.0
12533450.0
12533450.0
20225518.0
20225518.0
23355638.0
23355638.0
25946198.0
25946198.0
29512720.0
29512720.0
32564307.0
32564307.0
37494114.0
37494114.0
133062972.0
133062972.0
143454853.0
143454853.0
150263719.0
150263719.0
155175293.0
155175293.0
162377096.0
162377096.0
172562390.0
172562390.0
179351882.0
179351882.0
217113848.0
217113848.0
225284732.0
225284732.0
231388746.0
231388746.0
240366847.0
240366847.0
250878600.0
250878600.0
261056452.0
261056452.0
274237051.0
274237051.0
360215065.0
360215065.0
374416746.0
374416746.0
384033693.0
384033693.0
452418085.0
452418085.0
629528727.0
629528727.0
667506712.0
667506712.0
825297798.0
825297798.0
932136327.0
932136327.0
1014895787.0
1014895787.0
1352988410.0
1352988410.0
2142499755.0
2142499755.0
2419730924.0
2419730924.0
2724800905.0
2724800905.0
