-111.67325000000001
-111.67325000000001
-106.21975000000005
-106.21975000000005
-102.90150000000006
-102.90150000000006
-95.97250000000007
-95.97250000000007
-94.93900000000004
-94.93900000000004
-90.42799999999998
-90.42799999999998
-96.49900000000012
-96.49900000000012
-105.88825000000008
-105.88825000000008
-92.64449999999998
-92.64449999999998
-89.10200000000002
-89.10200000000002
-79.46575000000001
-79.46575000000001
-90.57750000000011
-90.57750000000011
-77.57425000000002
-77.57425000000002
-83.32025000000002
-83.32025000000002
-89.07275000000006
-89.07275000000006
-71.79900000000002
-71.79900000000002
-67.47975000000008
-67.47975000000008
-61.11949999999999
-61.11949999999999
-68.7310000000001
-68.7310000000001
-69.51100000000001
-69.51100000000001
-69.98550000000012
-69.98550000000012
-60.67749999999995
-60.67749999999995
-60.40124999999997
-60.40124999999997
-59.54975
-59.54975
-60.80099999999998
-60.80099999999998
-49.07175
-49.07175
-56.36475000000001
-56.36475000000001
-54.411499999999975
-54.411499999999975
-51.69775
-51.69775
-54.36600000000004
-54.36600000000004
-51.9155
-51.9155
-42.877250000000004
-42.877250000000004
-46.127249999999975
-46.127249999999975
-44.49250000000001
-44.49250000000001
-44.167500000000004
-44.167500000000004
-40.31624999999999
-40.31624999999999
-40.4365
-40.4365
-35.28524999999999
-35.28524999999999
-39.562250000000006
-39.562250000000006
-47.01125000000002
-47.01125000000002
-37.82025000000002
-37.82025000000002
-37.193000000000005
-37.193000000000005
-29.445
-29.445
-45.91924999999998
-45.91924999999998
-32.59425000000002
-32.59425000000002
