4.479814814814815
4.479814814814815
7.9329629629629625
7.9329629629629625
11.582962962962963
11.582962962962963
18.10037037037037
18.10037037037037
23.73462962962963
23.73462962962963
28.60037037037037
28.60037037037037
33.75907407407407
33.75907407407407
37.99648148148148
37.99648148148148
42.120555555555555
42.120555555555555
53.61907407407407
53.61907407407407
59.464814814814815
59.464814814814815
68.5987037037037
68.5987037037037
85.81722222222223
85.81722222222223
92.57407407407408
92.57407407407408
100.82666666666667
100.82666666666667
105.15666666666667
105.15666666666667
113.72055555555555
113.72055555555555
120.5062962962963
120.5062962962963
152.3311111111111
152.3311111111111
160.35314814814814
160.35314814814814
170.94814814814814
170.94814814814814
177.9411111111111
177.9411111111111
189.47333333333333
189.47333333333333
197.93759259259258
197.93759259259258
221.0425925925926
221.0425925925926
247.56444444444443
247.56444444444443
268.5562962962963
268.5562962962963
282.18833333333333
282.18833333333333
307.12018518518516
307.12018518518516
322.59907407407405
322.59907407407405
342.00666666666666
342.00666666666666
420.8759259259259
420.8759259259259
