11.38537037037037
11.38537037037037
22.767777777777777
22.767777777777777
33.562222222222225
33.562222222222225
44.91166666666667
44.91166666666667
56.113703703703706
56.113703703703706
68.70944444444444
68.70944444444444
80.67277777777778
80.67277777777778
90.36018518518519
90.36018518518519
100.28740740740741
100.28740740740741
110.92944444444444
110.92944444444444
122.04425925925926
122.04425925925926
131.46074074074073
131.46074074074073
140.87314814814815
140.87314814814815
150.54907407407407
150.54907407407407
159.78574074074075
159.78574074074075
168.34648148148148
168.34648148148148
175.1038888888889
175.1038888888889
182.34851851851852
182.34851851851852
189.2711111111111
189.2711111111111
195.8138888888889
195.8138888888889
202.67407407407407
202.67407407407407
209.60981481481483
209.60981481481483
217.22444444444446
217.22444444444446
223.4925925925926
223.4925925925926
229.44203703703704
229.44203703703704
235.59537037037038
235.59537037037038
241.85888888888888
241.85888888888888
