14058632.0
14058632.0
16233975.0
16233975.0
19600186.0
19600186.0
25055538.0
25055538.0
28039947.0
28039947.0
34298062.0
34298062.0
44249337.0
44249337.0
46788937.0
46788937.0
58044254.0
58044254.0
60150879.0
60150879.0
65874960.0
65874960.0
72870597.0
72870597.0
78403080.0
78403080.0
82624533.0
82624533.0
99608990.0
99608990.0
122594717.0
122594717.0
137140906.0
137140906.0
148777082.0
148777082.0
232286555.0
232286555.0
296426480.0
296426480.0
317592736.0
317592736.0
448542429.0
448542429.0
479040655.0
479040655.0
681943661.0
681943661.0
766509921.0
766509921.0
1302194347.0
1302194347.0
2018779942.0
2018779942.0
3347021092.0
3347021092.0
