16.52074074074074
16.52074074074074
28.656111111111112
28.656111111111112
42.41222222222222
42.41222222222222
63.37722222222222
63.37722222222222
82.99555555555555
82.99555555555555
95.70407407407407
95.70407407407407
113.63777777777777
113.63777777777777
124.85462962962963
124.85462962962963
146.00296296296295
146.00296296296295
159.63888888888889
159.63888888888889
180.98037037037037
180.98037037037037
208.32777777777778
208.32777777777778
237.00425925925927
237.00425925925927
265.8898148148148
265.8898148148148
291.76685185185187
291.76685185185187
323.605
323.605
359.9996296296296
359.9996296296296
398.70944444444444
398.70944444444444
438.0009259259259
438.0009259259259
478.10333333333335
478.10333333333335
519.615
519.615
