-8.41
-8.41
-7.567999999999992
-7.567999999999992
-5.906999999999993
-5.906999999999993
-14.410000000000021
-14.410000000000021
-13.580000000000025
-13.580000000000025
-5.023999999999997
-5.023999999999997
-7.409999999999996
-7.409999999999996
-4.329999999999995
-4.329999999999995
-6.386999999999994
-6.386999999999994
-22.894000000000016
-22.894000000000016
-6.102999999999995
-6.102999999999995
-8.307000000000004
-8.307000000000004
-36.63899999999995
-36.63899999999995
-3.520999999999997
-3.520999999999997
-7.942999999999996
-7.942999999999996
-5.707999999999997
-5.707999999999997
-15.30800000000002
-15.30800000000002
-4.2049999999999965
-4.2049999999999965
-4.607999999999995
-4.607999999999995
-2.3009999999999997
-2.3009999999999997
-21.579000000000008
-21.579000000000008
-9.437000000000008
-9.437000000000008
-6.146
-6.146
-17.052000000000007
-17.052000000000007
-9.143000000000011
-9.143000000000011
-4.777999999999996
-4.777999999999996
-11.331000000000014
-11.331000000000014
-3.5739999999999976
-3.5739999999999976
-48.73699999999997
-48.73699999999997
-7.658999999999996
-7.658999999999996
-14.970000000000004
-14.970000000000004
-145.28600000000006
-145.28600000000006
