6434417.0
6434417.0
12537008.0
12537008.0
17645479.0
17645479.0
23088297.0
23088297.0
28553418.0
28553418.0
33693082.0
33693082.0
40281141.0
40281141.0
51825068.0
51825068.0
60743038.0
60743038.0
70528369.0
70528369.0
77577560.0
77577560.0
90415426.0
90415426.0
104549797.0
104549797.0
108729654.0
108729654.0
122086416.0
122086416.0
131507397.0
131507397.0
150398369.0
150398369.0
164174242.0
164174242.0
188685524.0
188685524.0
193780393.0
193780393.0
230581422.0
230581422.0
259641360.0
259641360.0
299860032.0
299860032.0
340461547.0
340461547.0
386864348.0
386864348.0
436514544.0
436514544.0
487682218.0
487682218.0
