-107.77975000000008
-85.38724999999997
-89.17024999999998
-8.41
-7.567999999999992
-96.5867500000001
-89.39450000000006
-5.906999999999993
-89.95675000000001
-89.69350000000007
-14.410000000000021
-82.09175000000006
-66.4006666666666
-45.01700000000009
-86.19650000000004
-13.580000000000025
-5.023999999999997
-83.32025
-58.12266666666668
-7.409999999999996
-81.38650000000014
-84.10025000000012
-64.12574999999994
-4.329999999999995
-73.8887500000001
-69.91400000000004
-6.386999999999994
-67.33433333333335
-22.894000000000016
-6.102999999999995
-64.761
-47.16066666666667
-8.307000000000004
-69.92933333333323
-56.05433333333332
-36.63899999999995
-3.520999999999997
-52.831999999999994
-72.75666666666659
-7.942999999999996
-5.707999999999997
-64.49466666666666
-15.30800000000002
-4.2049999999999965
-67.56425000000009
-4.607999999999995
-2.3009999999999997
-68.49766666666672
-21.579000000000008
-70.6196666666666
-50.91450000000002
-53.42999999999998
-69.69499999999998
-50.75850000000003
-9.437000000000008
-57.76549999999999
-6.146
-73.77533333333335
-17.052000000000007
-9.143000000000011
-47.024250000000016
-60.173333333333346
-43.15675000000001
-4.777999999999996
-11.331000000000014
-3.5739999999999976
-41.619666666666696
-48.73699999999997
-7.658999999999996
-14.970000000000004
-39.502999999999986
-48.551750000000034
-34.789333333333346
-35.92225000000003
-31.032333333333334
-29.139499999999995
-33.59525000000001
-37.769
-145.28600000000006
-50.07275000000001
