-66.4006666666666
-66.4006666666666
-45.01700000000009
-45.01700000000009
-58.12266666666668
-58.12266666666668
-67.33433333333335
-67.33433333333335
-64.761
-64.761
-47.16066666666667
-47.16066666666667
-69.92933333333323
-69.92933333333323
-56.05433333333332
-56.05433333333332
-52.831999999999994
-52.831999999999994
-72.75666666666659
-72.75666666666659
-64.49466666666666
-64.49466666666666
-68.49766666666672
-68.49766666666672
-70.6196666666666
-70.6196666666666
-69.69499999999998
-69.69499999999998
-73.77533333333335
-73.77533333333335
-60.173333333333346
-60.173333333333346
-41.619666666666696
-41.619666666666696
-39.502999999999986
-39.502999999999986
-34.789333333333346
-34.789333333333346
-31.032333333333334
-31.032333333333334
-37.769
-37.769
