6931681.0
6931681.0
12850550.0
12850550.0
18567529.0
18567529.0
22748340.0
22748340.0
26414806.0
26414806.0
29653091.0
29653091.0
33701513.0
33701513.0
37949224.0
37949224.0
41477998.0
41477998.0
44264497.0
44264497.0
49067809.0
49067809.0
52384398.0
52384398.0
54937018.0
54937018.0
58048268.0
58048268.0
61288520.0
61288520.0
63874892.0
63874892.0
66282430.0
66282430.0
68500181.0
68500181.0
71211111.0
71211111.0
74599742.0
74599742.0
77211277.0
77211277.0
79461738.0
79461738.0
81898495.0
81898495.0
84749311.0
84749311.0
86698068.0
86698068.0
88827364.0
88827364.0
91077766.0
91077766.0
92996960.0
92996960.0
94941990.0
94941990.0
96788982.0
96788982.0
98581828.0
98581828.0
100021311.0
100021311.0
101747406.0
101747406.0
103393160.0
103393160.0
104878723.0
104878723.0
106616823.0
106616823.0
108162428.0
108162428.0
109489212.0
109489212.0
111053625.0
111053625.0
112639614.0
112639614.0
114139525.0
114139525.0
115495346.0
115495346.0
116940085.0
116940085.0
119319619.0
119319619.0
120729315.0
120729315.0
