39.318888888888885
39.318888888888885
29.297037037037036
29.297037037037036
28.170185185185186
28.170185185185186
36.178518518518516
36.178518518518516
40.23092592592592
40.23092592592592
31.055
31.055
39.61351851851852
39.61351851851852
34.48185185185185
34.48185185185185
35.946666666666665
35.946666666666665
35.18185185185185
35.18185185185185
30.13962962962963
30.13962962962963
38.89574074074074
38.89574074074074
35.86611111111111
35.86611111111111
24.47740740740741
24.47740740740741
29.58037037037037
29.58037037037037
34.303703703703704
34.303703703703704
31.012037037037036
31.012037037037036
30.285740740740742
30.285740740740742
39.09685185185185
39.09685185185185
24.542962962962964
24.542962962962964
26.752222222222223
26.752222222222223
