2.1444444444444444
2.1444444444444444
2.0883333333333334
2.0883333333333334
2.0774074074074074
2.0774074074074074
1.5635185185185185
1.5635185185185185
2.154074074074074
2.154074074074074
2.9142592592592593
2.9142592592592593
2.124814814814815
2.124814814814815
2.102592592592593
2.102592592592593
1.5825925925925926
1.5825925925925926
2.928703703703704
2.928703703703704
1.5737037037037036
1.5737037037037036
1.046851851851852
1.046851851851852
2.2468518518518517
2.2468518518518517
1.3266666666666667
1.3266666666666667
1.0
1.0
1.038888888888889
1.038888888888889
1.5087037037037037
1.5087037037037037
