3.277037037037037
3.277037037037037
1.5255555555555556
1.5255555555555556
1.6759259259259258
1.6759259259259258
2.2577777777777777
2.2577777777777777
1.461851851851852
1.461851851851852
1.9112962962962963
1.9112962962962963
1.3294444444444444
1.3294444444444444
1.8066666666666666
1.8066666666666666
1.7874074074074073
1.7874074074074073
1.0946296296296296
1.0946296296296296
1.7287037037037036
1.7287037037037036
1.3224074074074075
1.3224074074074075
1.3857407407407407
1.3857407407407407
1.3818518518518519
1.3818518518518519
0.9814814814814815
0.9814814814814815
1.0085185185185186
1.0085185185185186
1.1907407407407407
1.1907407407407407
