1.714074074074074
1.714074074074074
2.7337037037037035
2.7337037037037035
2.9264814814814817
2.9264814814814817
2.4564814814814815
2.4564814814814815
2.6535185185185184
2.6535185185185184
2.0122222222222224
2.0122222222222224
2.002962962962963
2.002962962962963
1.7757407407407408
1.7757407407407408
1.3162962962962963
1.3162962962962963
1.1946296296296297
1.1946296296296297
1.865
1.865
1.270925925925926
1.270925925925926
2.156296296296296
2.156296296296296
1.4992592592592593
1.4992592592592593
1.6053703703703703
1.6053703703703703
2.7157407407407406
2.7157407407407406
