2.977777777777778
2.977777777777778
2.017037037037037
2.017037037037037
1.1492592592592592
1.1492592592592592
1.3916666666666666
1.3916666666666666
1.450925925925926
1.450925925925926
0.99
0.99
1.0803703703703704
1.0803703703703704
1.1627777777777777
1.1627777777777777
1.2257407407407408
1.2257407407407408
1.1524074074074073
1.1524074074074073
3.101111111111111
3.101111111111111
0.8568518518518519
0.8568518518518519
1.6435185185185186
1.6435185185185186
0.7598148148148148
0.7598148148148148
1.1779629629629629
1.1779629629629629
1.335
1.335
0.8548148148148148
0.8548148148148148
